日期  质量等级  AQI指数  当天AQI排名  PM2.5  PM10  So2  No2  Co  O3
2018-01-01  良 55  42 35 65 11 46 1.23 23
2018-01-02  优 46  44 27 48 6 35 0.94 28
2018-01-03  优 29  21 10 26 4 20 0.44 44
2018-01-04  优 28  56 14 27 4 31 0.51 32
2018-01-05  良 51  127 30 52 8 51 0.95 20
2018-01-06  优 29  44 14 27 5 38 0.57 35
2018-01-07  良 56  170 37 57 10 46 0.92 27
2018-01-08  良 51  111 12 56 3 10 0.34 60
2018-01-09  优 37  28 6 32 2 12 0.35 58
2018-01-10  优 32  14 5 20 2 8 0.30 62
2018-01-11  优 30  5 10 21 4 22 0.47 46
2018-01-12  良 77  222 55 77 12 72 1.32 11
2018-01-13  轻度污染 130  291 98 122 17 85 1.83 8
2018-01-14  中度污染 177  327 136 151 13 77 1.91 23
2018-01-15  优 48  23 29 52 7 48 0.94 29
2018-01-16  轻度污染 114  205 45 175 5 43 0.79 37
2018-01-17  良 77  80 43 106 9 51 1.09 31
2018-01-18  良 87  119 56 96 11 74 1.19 14
2018-01-19  轻度污染 108  174 80 119 14 78 1.56 19
2018-01-20  良 61  84 30 73 9 51 0.88 24
2018-01-21  良 63  106 35 74 20 47 1.30 21
2018-01-22  优 45  53 23 47 4 28 0.70 45
2018-01-23  优 35  12 8 29 3 14 0.44 58
2018-01-24  优 36  18 15 30 4 28 0.48 52
2018-01-25  优 29  38 8 21 3 26 0.44 52
2018-01-26  优 39  81 24 36 7 43 0.60 34
2018-01-27  轻度污染 105  307 78 92 14 71 1.48 9
2018-01-28  良 56  139 13 62 2 16 0.42 62
2018-01-29  良 55  106 8 61 3 18 0.37 59
2018-01-30  优 36  13 10 34 5 26 0.44 57
2018-01-31  良 61  93 19 70 6 28 0.47 54
