»’∆⁄  ÷ ¡øµ»º∂  AQI÷∏ ˝  µ±ÃÏAQI≈≈√˚  PM2.5  PM10  So2  No2  Co  O3
2018-02-01  «·∂»Œ€»æ 140  322 106 137 14 65 1.32 36
2018-02-02  «·∂»Œ€»æ 127  323 96 137 15 66 1.21 42
2018-02-03  ¡º 70  250 45 80 15 38 0.81 45
2018-02-04  ¡º 67  177 47 79 16 43 0.79 42
2018-02-05  ¡º 76  234 55 90 15 53 0.91 39
2018-02-06  ¡º 87  261 64 103 14 58 1.04 30
2018-02-07  ¡º 93  223 68 105 11 62 1.02 27
2018-02-08  «·∂»Œ€»æ 150  353 113 158 14 62 1.22 38
2018-02-09  ÷–∂»Œ€»æ 172  295 130 169 10 65 1.30 26
2018-02-10  «·∂»Œ€»æ 129  283 97 129 11 50 1.30 29
2018-02-11  ¡º 88  205 56 121 9 39 1.00 48
2018-02-12  ¡º 72  173 29 92 11 27 0.74 66
2018-02-13  ¡º 56  66 28 61 8 35 0.76 55
2018-02-14  ¡º 68  128 46 81 9 41 0.85 50
2018-02-15  ¡º 98  261 73 115 10 33 0.99 44
2018-02-16  ¡º 64  49 44 60 7 19 0.74 47
2018-02-17  ¡º 65  115 45 56 8 17 0.82 76
2018-02-18  ¡º 60  165 42 57 7 27 0.88 42
2018-02-19  ”≈ 27  3 18 22 6 21 0.78 43
2018-02-20  ¡º 67  203 48 61 7 23 0.96 62
2018-02-21  ¡º 51  146 34 43 7 21 0.85 66
2018-02-22  ¡º 69  222 49 66 8 28 0.96 53
2018-02-23  ”≈ 41  76 28 36 7 26 0.91 46
2018-02-24  ¡º 66  219 46 65 8 50 0.99 15
2018-02-25  ¡º 63  155 45 62 7 30 0.93 52
2018-02-26  ¡º 52  93 35 51 7 32 0.87 48
2018-02-27  ¡º 51  78 35 53 8 40 0.82 44
2018-02-28  ”≈ 39  29 23 37 7 39 0.90 39
