»’∆⁄  ÷ ¡øµ»º∂  AQI÷∏ ˝  µ±ÃÏAQI≈≈√˚  PM2.5  PM10  So2  No2  Co  O3
2018-06-01  ¡º 91  252 26 66 2 44 0.47 130
2018-06-02  «·∂»Œ€»æ 120  328 47 101 7 48 0.70 159
2018-06-03  ¡º 92  257 53 125 3 37 0.64 105
2018-06-04  ¡º 76  240 28 86 2 38 0.42 98
2018-06-05  «·∂»Œ€»æ 110  327 38 117 6 44 0.55 135
2018-06-06  «·∂»Œ€»æ 116  328 48 139 8 42 0.69 151
2018-06-07  ¡º 71  200 23 58 2 23 0.48 113
2018-06-08  ¡º 52  156 13 36 2 30 0.42 87
2018-06-09  ¡º 52  174 20 43 2 29 0.53 81
2018-06-10  ¡º 60  182 31 32 1 21 0.67 103
2018-06-11  ¡º 88  295 63 61 1 29 0.78 106
2018-06-12  «·∂»Œ€»æ 125  357 84 94 2 43 0.94 111
2018-06-13  ¡º 77  260 46 38 2 30 0.88 82
2018-06-14  ¡º 66  208 21 38 2 35 0.61 105
2018-06-15  «·∂»Œ€»æ 130  362 80 46 4 28 1.41 128
2018-06-16  «·∂»Œ€»æ 111  339 77 69 2 28 0.94 124
2018-06-17  ¡º 77  255 45 59 2 27 0.77 121
2018-06-18  «·∂»Œ€»æ 126  364 80 92 2 33 0.88 116
2018-06-19  ¡º 92  343 49 69 3 26 0.91 119
2018-06-20  ¡º 79  304 38 50 2 29 0.70 106
2018-06-21  ¡º 91  302 25 61 5 33 0.71 133
2018-06-22  ¡º 90  309 56 87 6 49 1.05 106
2018-06-23  «·∂»Œ€»æ 128  358 55 84 3 32 0.80 181
2018-06-24  «·∂»Œ€»æ 121  347 54 94 3 32 0.75 170
2018-06-25  «·∂»Œ€»æ 109  363 76 113 4 41 1.02 143
2018-06-26  ÷–∂»Œ€»æ 183  365 124 44 3 34 1.58 141
2018-06-27  ¡º 57  254 25 49 2 32 0.49 73
2018-06-28  ”≈ 40  130 8 23 3 21 0.30 79
2018-06-29  ¡º 71  258 17 56 2 41 0.45 92
2018-06-30  «·∂»Œ€»æ 108  361 31 74 4 33 0.83 140
