日期  质量等级  AQI指数  当天AQI排名  PM2.5  PM10  So2  No2  Co  O3
2018-03-01  优 48  63 14 48 3 15 0.38 75
2018-03-02  良 99  318 73 99 17 52 1.08 41
2018-03-03  重度污染 217  357 167 195 19 75 1.94 29
2018-03-04  轻度污染 135  344 61 198 7 37 0.89 38
2018-03-05  良 92  345 47 132 8 43 0.93 37
2018-03-06  良 65  261 45 65 10 40 0.95 44
2018-03-07  良 64  238 44 61 8 48 0.78 34
2018-03-08  良 61  212 42 58 5 35 0.73 59
2018-03-09  轻度污染 136  344 101 112 12 68 1.30 35
2018-03-10  中度污染 165  343 123 136 15 64 1.53 60
2018-03-11  良 83  210 60 69 16 47 1.33 51
2018-03-12  中度污染 183  343 141 147 11 72 1.70 43
2018-03-13  严重污染 289  358 238 9 10 93 2.08 71
2018-03-14  严重污染 293  362 242 0 16 80 2.61 54
2018-03-15  良 69  189 26 48 3 17 0.46 75
2018-03-16  良 57  199 31 63 6 29 0.59 62
2018-03-17  良 82  294 58 35 4 60 0.93 18
2018-03-18  轻度污染 135  337 102 21 2 54 1.02 41
2018-03-19  轻度污染 101  289 73 29 3 45 0.78 51
2018-03-20  优 44  92 22 39 3 32 0.48 61
2018-03-21  良 78  298 56 79 8 53 0.84 38
2018-03-22  轻度污染 114  329 85 103 7 65 0.96 47
2018-03-23  轻度污染 146  332 110 137 10 86 1.36 31
2018-03-24  轻度污染 117  302 85 84 9 60 1.12 63
2018-03-25  良 76  159 53 91 6 56 0.63 70
2018-03-26  中度污染 155  348 117 141 11 70 0.99 78
2018-03-27  重度污染 245  363 194 195 11 98 1.37 64
2018-03-28  严重污染 388  361 154 858 5 52 0.89 56
2018-03-29  轻度污染 115  295 44 178 12 45 0.86 51
2018-03-30  良 68  139 39 81 7 50 0.59 60
2018-03-31  轻度污染 128  320 96 148 12 80 1.05 56
