日期  质量等级  AQI指数  当天AQI排名  PM2.5  PM10  So2  No2  Co  O3
2018-03-01  优 49  69 26 41 20 24 0.67 81
2018-03-02  良 96  305 70 88 44 43 0.97 62
2018-03-03  轻度污染 133  320 100 117 40 49 1.04 58
2018-03-04  良 58  172 38 51 29 33 0.82 77
2018-03-05  良 51  202 33 42 26 34 0.85 76
2018-03-06  良 55  221 36 43 27 36 0.93 70
2018-03-07  良 93  327 68 75 42 61 1.25 51
2018-03-08  轻度污染 112  342 82 84 44 56 1.27 71
2018-03-09  轻度污染 121  328 89 107 35 65 1.53 66
2018-03-10  良 54  36 32 42 29 32 0.72 91
2018-03-11  良 85  219 62 76 41 47 1.03 87
2018-03-12  良 95  243 69 86 44 55 0.99 78
2018-03-13  轻度污染 131  322 98 127 40 66 1.40 49
2018-03-14  良 56  90 39 48 34 51 0.95 54
2018-03-15  优 42  32 12 21 18 22 0.67 80
2018-03-16  优 48  105 30 44 28 40 0.88 62
2018-03-17  良 63  206 44 58 27 39 0.93 73
2018-03-18  良 68  217 44 51 22 28 0.98 73
2018-03-19  优 44  79 10 20 21 18 0.92 84
2018-03-20  优 47  120 25 44 25 41 0.85 67
2018-03-21  良 59  169 34 63 29 55 0.89 58
2018-03-22  良 96  268 69 86 26 46 0.93 81
2018-03-23  轻度污染 131  320 96 117 28 53 1.06 68
2018-03-24  轻度污染 142  331 104 131 25 56 1.19 64
2018-03-25  良 89  212 60 85 26 44 0.85 81
2018-03-26  中度污染 175  356 77 244 24 41 0.91 125
2018-03-27  严重污染 281  364 99 371 20 37 0.88 127
2018-03-28  轻度污染 112  306 28 181 9 21 0.57 84
2018-03-29  良 60  105 36 54 16 36 0.85 69
2018-03-30  中度污染 186  349 149 115 21 53 1.15 95
2018-03-31  轻度污染 144  341 112 134 22 53 1.10 71
