日期  质量等级  AQI指数  当天AQI排名  PM2.5  PM10  So2  No2  Co  O3
2018-05-01  优 39  35 21 36 6 28 0.82 52
2018-05-02  良 57  143 35 57 6 21 0.85 100
2018-05-03  良 59  124 18 41 7 31 0.61 104
2018-05-04  良 78  239 33 66 10 47 0.71 99
2018-05-05  优 48  73 29 48 7 43 0.76 60
2018-05-06  优 50  139 30 50 7 40 0.91 43
2018-05-07  优 42  65 25 41 6 30 0.81 51
2018-05-08  良 51  103 24 43 7 31 0.91 78
2018-05-09  良 83  258 31 70 12 44 0.76 102
2018-05-10  良 67  167 29 62 9 29 0.65 100
2018-05-11  良 73  263 36 69 10 47 0.77 86
2018-05-12  良 70  215 49 84 10 48 0.98 51
2018-05-13  良 79  213 55 82 9 31 1.26 88
2018-05-14  良 89  264 52 82 8 39 1.12 94
2018-05-15  良 59  154 32 53 6 29 0.79 83
2018-05-16  良 60  208 30 53 7 32 0.76 84
2018-05-17  良 56  140 26 52 8 36 0.73 72
2018-05-18  良 95  344 47 77 7 33 0.84 129
2018-05-19  优 43  39 27 41 6 23 0.84 67
2018-05-20  优 29  9 17 26 5 23 0.72 51
2018-05-21  优 40  66 22 39 5 34 0.73 36
2018-05-22  优 40  54 22 36 5 30 0.86 40
2018-05-23  良 74  195 27 71 9 26 0.88 122
2018-05-24  轻度污染 101  302 48 112 10 49 0.89 117
2018-05-25  良 86  267 60 116 9 54 0.99 79
2018-05-26  良 52  135 34 55 6 35 0.98 64
2018-05-27  良 58  124 40 63 7 39 0.96 34
2018-05-28  良 76  160 40 67 6 38 1.07 87
2018-05-29  良 78  196 57 94 8 55 1.20 53
2018-05-30  轻度污染 103  312 77 128 10 57 1.22 69
2018-05-31  良 60  155 28 45 7 27 0.73 94
