日期  质量等级  AQI指数  当天AQI排名  PM2.5  PM10  So2  No2  Co  O3
2018-04-01  重度污染 221  361 173 209 14 78 1.51 102
2018-04-02  严重污染 283  362 229 211 10 61 1.82 104
2018-04-03  良 78  182 12 98 2 15 0.28 75
2018-04-04  优 34  1 21 20 2 30 0.44 36
2018-04-05  良 91  293 48 70 2 28 0.59 33
2018-04-05  良 91  293 48 70 2 28 0.59 33
2018-04-06  良 78  186 16 89 1 8 0.26 86
2018-04-07  良 52  47 15 43 3 18 0.31 86
2018-04-08  良 68  117 38 85 5 47 0.56 55
2018-04-09  轻度污染 112  323 83 121 20 62 1.36 65
2018-04-10  良 96  243 53 118 7 39 0.87 60
2018-04-11  优 50  36 17 53 3 33 0.32 66
2018-04-12  良 78  240 30 106 8 38 0.61 64
2018-04-13  良 64  267 37 59 8 54 1.18 34
2018-04-14  轻度污染 122  321 28 171 1 12 0.30 82
2018-04-15  良 66  171 22 84 3 27 0.33 74
2018-04-16  轻度污染 104  256 68 151 9 48 0.66 80
2018-04-17  轻度污染 142  350 97 217 9 40 0.81 100
2018-04-18  轻度污染 144  354 107 208 9 45 0.86 93
2018-04-19  中度污染 170  361 123 192 8 52 1.01 116
2018-04-20  中度污染 173  360 123 157 13 41 1.40 145
2018-04-21  轻度污染 102  350 72 49 3 36 1.03 67
2018-04-22  优 35  12 9 18 2 18 0.38 67
2018-04-23  优 41  67 15 32 2 24 0.41 76
2018-04-24  优 45  109 17 36 3 36 0.42 68
2018-04-25  良 61  138 30 62 3 43 0.46 81
2018-04-26  轻度污染 118  345 88 110 7 49 0.76 94
2018-04-27  轻度污染 111  326 41 169 3 39 0.58 87
2018-04-28  轻度污染 129  330 86 165 9 53 0.76 112
2018-04-29  中度污染 196  355 151 175 7 61 1.07 103
2018-04-30  良 62  149 28 69 4 23 0.65 85
