日期  质量等级  AQI指数  当天AQI排名  PM2.5  PM10  So2  No2  Co  O3
2018-08-01  良 66  290 25 47 9 29 0.58 101
2018-08-02  优 48  173 14 30 7 18 0.46 87
2018-08-03  优 33  61 15 28 7 18 0.52 54
2018-08-04  优 38  88 19 33 7 17 0.61 75
2018-08-05  良 80  331 40 60 8 26 0.69 119
2018-08-06  良 81  334 50 72 8 35 0.87 114
2018-08-07  轻度污染 102  359 50 75 8 28 0.77 151
2018-08-08  良 73  309 26 49 9 22 0.53 125
2018-08-09  良 97  355 38 65 10 26 0.74 140
2018-08-10  轻度污染 115  358 41 72 11 29 0.75 165
2018-08-11  良 98  337 43 68 10 26 0.81 126
2018-08-12  优 49  151 26 48 9 27 0.55 57
2018-08-13  优 34  75 16 29 5 16 0.41 64
2018-08-14  优 37  128 12 28 5 13 0.36 70
2018-08-15  优 48  226 17 36 6 22 0.54 73
2018-08-16  优 38  126 18 35 6 18 0.51 58
2018-08-17  优 24  12 6 12 4 11 0.49 53
2018-08-18  优 47  208 15 29 6 11 0.64 90
2018-08-19  优 36  97 13 23 8 16 0.60 71
2018-08-20  优 34  57 13 23 6 19 0.67 62
2018-08-21  优 40  54 16 32 8 22 0.58 74
2018-08-22  优 36  44 16 30 7 22 0.56 65
2018-08-23  良 65  240 21 42 10 22 0.79 119
2018-08-25  良 62  191 27 51 8 28 0.58 100
2018-08-27  优 49  151 22 44 5 27 0.55 90
2018-08-29  优 50  198 13 32 6 16 0.52 99
2018-08-31  良 54  260 20 39 6 28 0.79 92
