日期  质量等级  AQI指数  当天AQI排名  PM2.5  PM10  So2  No2  Co  O3
2018-02-01  良 67  72 30 83 10 39 0.78 39
2018-02-02  优 35  5 7 29 4 11 0.36 67
2018-02-03  优 28  1 7 20 4 19 0.40 55
2018-02-04  优 37  10 17 34 7 33 0.57 43
2018-02-05  优 32  6 6 17 3 14 0.34 64
2018-02-06  良 61  109 41 53 12 51 0.90 29
2018-02-07  良 63  79 32 53 8 34 0.73 54
2018-02-08  良 69  84 48 68 11 54 0.96 32
2018-02-09  良 90  125 41 109 8 36 0.81 47
2018-02-10  优 41  9 9 41 3 12 0.36 67
2018-02-11  良 64  103 8 78 3 6 0.28 73
2018-02-12  良 52  58 10 55 4 13 0.38 66
2018-02-13  良 80  210 55 77 13 58 1.20 29
2018-02-14  优 43  18 14 35 3 19 0.44 69
2018-02-15  良 62  102 37 48 13 19 0.52 70
2018-02-16  轻度污染 105  151 75 97 14 23 0.61 64
2018-02-17  轻度污染 105  233 78 89 15 34 1.43 42
2018-02-18  轻度污染 148  329 113 95 14 48 1.86 47
2018-02-19  中度污染 185  348 140 75 23 44 2.18 52
2018-02-20  良 72  230 47 19 5 21 0.72 68
2018-02-21  良 51  147 32 41 7 26 0.66 60
2018-02-22  优 44  108 15 44 5 27 0.51 57
2018-02-23  优 48  112 20 48 5 30 0.63 53
2018-02-24  良 63  203 30 77 10 22 0.73 54
2018-02-25  良 75  222 54 66 10 42 0.88 41
2018-02-26  中度污染 159  340 120 120 21 71 1.66 43
2018-02-27  重度污染 219  353 169 171 12 57 2.05 38
2018-02-28  轻度污染 133  312 92 121 9 37 1.12 66
