日期  质量等级  AQI指数  当天AQI排名  PM2.5  PM10  So2  No2  Co  O3
2018-01-01  严重污染 290  366 239 280 85 95 2.43 23
2018-01-02  中度污染 157  306 121 149 51 50 1.37 35
2018-01-03  良 64  201 43 63 42 40 0.84 43
2018-01-04  轻度污染 120  351 90 111 57 56 1.28 39
2018-01-05  轻度污染 105  304 78 97 49 49 1.15 35
2018-01-06  轻度污染 105  262 78 98 51 53 1.19 36
2018-01-07  轻度污染 119  296 89 115 56 55 0.95 33
2018-01-08  轻度污染 141  345 106 125 50 55 1.00 32
2018-01-09  优 38  29 21 35 28 26 0.60 57
2018-01-10  优 38  37 24 35 31 28 0.81 50
2018-01-11  良 68  223 49 57 43 40 0.99 49
2018-01-12  良 94  288 69 83 70 55 1.18 38
2018-01-13  中度污染 178  340 138 165 78 74 1.90 29
2018-01-14  良 95  173 68 82 49 42 0.80 46
2018-01-15  中度污染 170  296 129 145 58 55 1.24 35
2018-01-16  中度污染 159  288 122 138 77 75 1.25 27
2018-01-17  中度污染 164  280 125 152 58 64 1.43 34
2018-01-18  轻度污染 118  197 89 100 47 55 1.15 39
2018-01-19  良 98  155 72 98 45 52 1.19 42
2018-01-20  优 50  39 32 45 29 30 0.87 47
2018-01-21  良 67  119 47 58 42 37 1.11 37
2018-01-22  良 80  202 58 65 41 40 1.17 35
2018-01-23  良 99  249 72 87 43 43 1.32 32
2018-01-24  轻度污染 101  312 74 80 45 45 1.32 34
2018-01-25  良 88  318 64 67 46 40 1.01 41
2018-01-26  良 59  213 40 52 43 34 0.82 44
2018-01-27  良 90  277 66 86 59 46 1.01 39
2018-01-28  良 57  144 35 53 44 33 0.86 43
2018-01-29  良 69  173 49 65 51 41 0.95 38
2018-01-30  良 86  181 62 72 61 50 1.09 38
2018-01-31  轻度污染 121  299 91 100 56 58 1.42 36
