日期  质量等级  AQI指数  当天AQI排名  PM2.5  PM10  So2  No2  Co  O3
2018-05-01  良 54  119 21 47 5 30 0.59 79
2018-05-02  良 51  84 20 45 5 27 0.61 89
2018-05-03  良 54  88 27 54 4 28 0.58 81
2018-05-04  良 56  89 32 57 5 32 0.60 70
2018-05-05  良 63  200 26 76 6 25 0.58 83
2018-05-06  良 59  202 19 66 4 21 0.56 83
2018-05-07  良 51  141 21 52 6 27 0.63 79
2018-05-08  良 52  111 22 51 6 35 0.63 64
2018-05-09  良 60  140 26 60 10 44 0.58 69
2018-05-10  良 71  201 28 75 9 31 0.57 103
2018-05-11  良 65  193 26 59 8 38 0.62 88
2018-05-12  良 86  279 46 69 8 21 0.65 111
2018-05-13  良 88  269 52 86 10 32 0.70 108
2018-05-14  良 95  288 52 125 11 27 0.80 137
2018-05-15  良 95  302 58 128 10 34 0.90 106
2018-05-16  良 52  123 21 56 6 19 0.62 78
2018-05-17  优 47  76 13 46 5 31 0.67 64
2018-05-18  良 54  103 18 40 5 25 0.56 94
2018-05-19  良 60  207 20 44 6 30 0.60 95
2018-05-20  良 72  331 27 87 7 31 0.66 99
2018-05-21  良 69  322 27 64 7 30 0.63 113
2018-05-22  良 81  314 26 102 5 24 0.62 95
2018-05-23  良 55  105 21 58 4 20 0.50 75
2018-05-24  良 73  176 32 92 6 30 0.54 66
2018-05-25  优 43  64 19 36 7 29 0.54 60
2018-05-26  良 57  171 23 52 9 31 0.63 69
2018-05-27  优 34  23 20 31 6 32 0.62 38
2018-05-28  优 47  58 19 33 7 31 0.63 70
2018-05-29  优 50  82 14 28 6 29 0.55 87
2018-05-30  良 61  152 19 42 6 37 0.60 92
2018-05-31  良 77  243 37 57 6 40 0.72 108
