日期  质量等级  AQI指数  当天AQI排名  PM2.5  PM10  So2  No2  Co  O3
2018-05-01  轻度污染 125  344 40 176 2 28 0.46 57
2018-05-02  优 45  47 15 43 2 22 0.28 70
2018-05-03  优 50  59 13 51 2 25 0.26 79
2018-05-04  良 87  287 57 108 7 53 0.59 89
2018-05-05  中度污染 179  360 78 246 4 45 0.52 70
2018-05-06  轻度污染 121  360 59 190 3 40 0.51 82
2018-05-07  轻度污染 102  340 55 137 8 34 0.76 115
2018-05-08  良 68  220 27 76 4 39 0.49 81
2018-05-09  良 86  267 43 96 7 46 0.63 100
2018-05-10  轻度污染 122  356 89 138 11 60 1.03 119
2018-05-11  轻度污染 105  352 78 107 5 50 0.84 86
2018-05-12  中度污染 190  362 139 132 3 43 1.51 80
2018-05-13  良 72  175 44 78 5 38 0.58 96
2018-05-14  中度污染 168  364 118 150 6 43 1.21 137
2018-05-15  良 95  303 67 102 4 39 1.02 101
2018-05-16  轻度污染 147  353 111 75 4 36 1.81 93
2018-05-17  良 64  226 43 52 2 27 0.95 60
2018-05-18  良 60  153 21 47 3 25 0.53 108
2018-05-19  良 78  324 36 70 4 41 0.74 100
2018-05-20  良 59  256 36 45 2 28 0.77 89
2018-05-21  良 82  339 60 25 2 36 1.02 35
2018-05-22  轻度污染 105  336 42 133 1 24 0.40 63
2018-05-23  轻度污染 142  357 56 231 4 39 0.47 77
2018-05-24  轻度污染 107  321 49 129 7 49 0.74 118
2018-05-25  轻度污染 111  327 60 126 6 38 0.76 131
2018-05-26  轻度污染 140  306 99 167 3 35 0.81 87
2018-05-27  良 89  254 42 125 2 31 0.35 83
2018-05-28  中度污染 188  359 64 256 2 22 0.24 67
2018-05-29  优 46  52 12 38 2 30 0.31 67
2018-05-30  良 56  126 12 36 2 32 0.34 94
2018-05-31  良 97  302 26 66 5 42 0.56 130
